1 2
2 1
3 4
4 1
5 1
6 4
7 4
8 5
9 1
10 2
11 1
12 2
13 1
14 1
15 5
16 4
17 2
18 3
19 1
20 10
21 1
22 2
23 4
24 1
25 1
26 1
27 2
28 2
29 2
30 1
31 2
32 6
33 1
34 2
35 2
36 8
37 6
38 11
39 1
40 8
41 2
42 4
43 11
44 2
45 6
46 1
47 1
48 1
49 1
50 2
51 1
52 5
53 8
54 3
55 1
56 3
57 8
58 8
59 4
60 1
61 3
62 1
63 1
64 9
65 2
66 1
67 2
68 4
69 6
70 5
71 1
72 7
73 2
74 11
75 1
76 2
77 1
78 9
79 1
80 4
81 10
82 1
83 6
84 2
85 1
86 8
87 1
88 1
89 4
90 1
91 1
92 2
93 1
94 6
95 4
96 1
97 2
98 1
99 6
100 5
101 3
102 1
103 2
104 1
105 1
106 1
107 2
108 6
109 1
110 1
111 1
112 3
113 1
114 5
115 3
116 9
117 2
118 7
119 2
120 2
121 1
122 2
123 10
124 2
125 3
126 2
127 1
128 2
129 1
130 2
131 5
132 6
133 3
134 4
135 7
136 2
137 2
138 5